Latitude: -0.9420958
Longitude: -80.7359923